100,0.9792,0.0367202
600,0.9096,0.0369683
1100,0.924218,0.0214914
1600,0.9558,0.0119456
2100,0.958629,0.0149403
2600,0.949292,0.00505562
3100,0.946219,0.00180216
3600,0.9652,0.0218978
4100,0.954615,0.0106906
4600,0.949148,0.00490265
5100,0.949271,0.00503263
5600,0.951429,0.00731737
6100,0.947331,0.00297926
6600,0.940145,0.00462854
7100,0.922208,0.0236192
7600,0.942821,0.00179577
8100,0.946844,0.00246397
8600,0.94906,0.00481016
9100,0.948026,0.00371532
9600,0.94935,0.0051167
10100,0.944982,0.000492307
10600,0.946596,0.00220117
11100,0.951438,0.00732718
11600,0.946552,0.00215405
12100,0.955517,0.0116463
12600,0.9392,0.00562953
13100,0.948202,0.00390077
13600,0.936635,0.00834489
14100,0.950809,0.00666089
14600,0.950499,0.00633281
15100,0.953738,0.0097622
15600,0.954831,0.0109194
16100,0.9504,0.00622838
16600,0.946757,0.00237099
17100,0.933558,0.0116031
17600,0.936573,0.00841113
18100,0.940137,0.00463747
18600,0.948852,0.00458904
19100,0.951682,0.00758535
19600,0.938498,0.00637281
20100,0.949254,0.00501478
20600,0.95005,0.00585834
21100,0.94808,0.0037717
21600,0.940667,0.00407671
22100,0.944471,4.93349e-05
22600,0.94148,0.00321597
23100,0.949153,0.00490839
23600,0.943017,0.00158836
24100,0.949145,0.0048999
24600,0.946888,0.00250987
25100,0.941909,0.00276122
25600,0.949444,0.00521596
26100,0.941462,0.00323458
26600,0.946232,0.0018151
27100,0.931165,0.014137
27600,0.943826,0.000731695
28100,0.941022,0.00370043
28600,0.940683,0.00405992
29100,0.946986,0.00261338
29600,0.948649,0.00437415
30100,0.945185,0.000707447
30600,0.944518,4.88249e-07
31100,0.943547,0.00102689
31600,0.94361,0.000960342
32100,0.946183,0.00176386
32600,0.94426,0.000272164
33100,0.941003,0.00372059
33600,0.945771,0.00132792
34100,0.942799,0.0018193
34600,0.951524,0.00741809
35100,0.948882,0.00462127
35600,0.955375,0.0114959
36100,0.945254,0.000780407
36600,0.950911,0.0067699
37100,0.949624,0.0054065
37600,0.9432,0.00139456
38100,0.94492,0.000426143
38600,0.941708,0.00297444
39100,0.941046,0.00367559
39600,0.943236,0.00135606
40100,0.94645,0.00204622
40600,0.942845,0.00177007
41100,0.939153,0.00567899
41600,0.9459,0.00146404
42100,0.943935,0.00061597
42600,0.948034,0.00372319
43100,0.943016,0.00158911
43600,0.939468,0.0053459
44100,0.9456,0.00114642
44600,0.94546,0.000998292
45100,0.939001,0.00583987
45600,0.941968,0.00269848
46100,0.948307,0.0040126
46600,0.947341,0.00298945
47100,0.945814,0.00137301
47600,0.948464,0.00417852
48100,0.944083,0.000459521
48600,0.945126,0.000644499
49100,0.944974,0.000484006
49600,0.945494,0.00103372
50100,0.944537,2.04772e-05
50600,0.953388,0.00939205
51100,0.948315,0.00402056
51600,0.945963,0.00153052
52100,0.945314,0.000844039
52600,0.94643,0.00202562
53100,0.945329,0.000859304
53600,0.947955,0.00364
54100,0.943613,0.000957756
54600,0.944756,0.000252889
55100,0.949093,0.00484491
55600,0.947085,0.00271854
56100,0.945677,0.00122795
56600,0.939638,0.00516563
57100,0.939833,0.00495905
57600,0.9414,0.0033003
58100,0.945964,0.00153129
58600,0.943741,0.000822189
59100,0.944138,0.000401385
59600,0.945689,0.00124022
60100,0.947117,0.00275303
60600,0.943984,0.000564339
61100,0.946818,0.00243563
61600,0.943971,0.000577816
62100,0.939849,0.00494211
62600,0.945684,0.00123572
63100,0.943326,0.00126167
63600,0.94757,0.00323194
64100,0.94211,0.00254811
64600,0.949352,0.00511916
65100,0.943653,0.000914467
65600,0.946515,0.00211478
66100,0.944975,0.000485228
66600,0.944281,0.000249974
67100,0.940743,0.00399613
67600,0.943157,0.00143967
68100,0.942788,0.00183112
68600,0.944606,9.44695e-05
69100,0.941293,0.00341337
69600,0.9438,0.000759315
70100,0.947052,0.00268333
70600,0.943771,0.000789907
71100,0.943109,0.00149105
71600,0.950983,0.00684588
72100,0.942171,0.00248355
72600,0.942426,0.00221355
73100,0.939053,0.00578479
73600,0.946135,0.00171262
74100,0.943151,0.001446
74600,0.944358,0.000168349
75100,0.941426,0.00327238
75600,0.940724,0.00401621
76100,0.942244,0.00240628
76600,0.941903,0.00276788
77100,0.944853,0.000355454
77600,0.943311,0.00127668
78100,0.945772,0.00132862
78600,0.942339,0.00230621
79100,0.946249,0.00183387
79600,0.942078,0.00258205
80100,0.943856,0.000699835
80600,0.948381,0.00409093
81100,0.94676,0.00237461
81600,0.946976,0.00260375
82100,0.946752,0.00236584
82600,0.943252,0.00133919
83100,0.94281,0.00180735
83600,0.946249,0.00183334
84100,0.942335,0.00231004
84600,0.945583,0.0011284
85100,0.94309,0.00151101
85600,0.944983,0.000493365
86100,0.938308,0.00657391
86600,0.944963,0.000471564
87100,0.945424,0.000959713
87600,0.944055,0.000489553
88100,0.94378,0.000780225
88600,0.943151,0.00144618
89100,0.949349,0.00511617
89600,0.94418,0.000356615
90100,0.949233,0.00499314
90600,0.944551,3.57934e-05
91100,0.946733,0.00234579
91600,0.94254,0.00209361
92100,0.943458,0.00112143
92600,0.945968,0.00153607
93100,0.947075,0.00270758
93600,0.943569,0.00100364
94100,0.944983,0.000492949
94600,0.943915,0.000637101
95100,0.948871,0.00460921
95600,0.948276,0.00397977
96100,0.945605,0.00115171
96600,0.943975,0.000573871
97100,0.945061,0.000575943
97600,0.94438,0.000144897
98100,0.942635,0.00199289
98600,0.948268,0.00397088
99100,0.947072,0.00270537
99600,0.941508,0.00318549
100000,0.946138,0.0017156